1234567812345678
123456783438715
3438911
12345678
3436715
3438547
3438915
3438715
3438965
3438947
3438917
12345678
3438911
3436715
3438547
3438915
3438715
3438965
3438947
3438917
12345678
12345678
3438911
3438911
3436715
3436715
3438547
3438547
3438915
3438915
3438715
3438715
3438965
3438965
3438947
3438947
3438917
3438917
3438715
3438715
3438915
3436715
12345678
3438547
3438547
3438915
3438715
3438715
3438715
3438911
3438715
3436715
3438547
3438547
3438947
3438917
3438915
3438947
3438917
3438917
3438965
3436715
12345678
3438911
3438547
3438947
3438917
3438947
3438915
3436715
12345678
3438911
3438915
3438965
3438715
3438911
12345678
3438547
3436715
3438715
3438915
3438911
3438715
3438715
3438911
3438965
3436715
3436715
3438547
3438965
3438965
3438947
3438947
3438915
3436715
3438911
12345678
12345678
3436715
3438915
3438965
3438917
3438947
3438715
3438547
3436715
12345678
3438911
3438547
3438715
3438947
12345678
3438911
3438715
3438947
3438547
3438715
3438911
3438547
3438917
3438911
3438947
12345678
12345678
3438915
3438947
12345678
3438715
3438917
3438965
3438917
3438965
3438715
3438547
3436715
12345678
3438915
3438965
3438715
3436715
3438911
12345678
3438911
3436715
3438547
3438915
3438715
3438965
3438947
3438917
3438911
3438911
3438547
3436715
